1576482323979752000
1576482323979752001
1576482323979752002
1576482323979752003
1576482323979752004
1576482323979752005
1576482323979752006
1576482323979752007
1576482323979752008
1576482323979752009
1576482323979752010
1576482323979752011
1576482323979752012
1576482323979752013
1576482323979752014
1576482323979752015
1576482323979752016
1576482323979752017
1576482323979752018
1576482323979752019
1576482323979752020
1576482323979752021
1576482323979752022
1576482323979752023
1576482323979752024
1576482323979752025
1576482323979752026
1576482323979752027
1576482323979752028
1576482323979752029
1576482323979752030
1576482323979752031
1576482323979752032
1576482323979752033
1576482323979752034
1576482323979752035
1576482323979752036
1576482323979752037
1576482323979752038
1576482323979752039
1576482323979752040
1576482323979752041
1576482323979752042
1576482323979752043
1576482323979752044
1576482323979752045
1576482323979752046
1576482323979752047
1576482323979752048
1576482323979752049
1576482323979752050
1576482323979752051
1576482323979752052
1576482323979752053
1576482323979752054
1576482323979752055
1576482323979752056
1576482323979752057
1576482323979752058
1576482323979752059
1576482323979752060
1576482323979752061
1576482323979752062
1576482323979752063
1576482323979752064
1576482323979752065
1576482323979752066
1576482323979752067
1576482323979752068
1576482323979752069
1576482323979752070
1576482323979752071
1576482323979752072
1576482323979752073
1576482323979752074
1576482323979752075
1576482323979752076
1576482323979752077
1576482323979752078
1576482323979752079
1576482323979752080
1576482323979752081
1576482323979752082
1576482323979752083
1576482323979752084
1576482323979752085
1576482323979752086
1576482323979752087
1576482323979752088
1576482323979752089
1576482323979752090
1576482323979752091
1576482323979752092
1576482323979752093
1576482323979752094
1576482323979752095
1576482323979752096
1576482323979752097
1576482323979752098
1576482323979752099
1576482323979752100
1576482323979752101
1576482323979752102
1576482323979752103
1576482323979752104
1576482323979752105
1576482323979752106
1576482323979752107
1576482323979752108
1576482323979752109
1576482323979752110
1576482323979752111
1576482323979752112
1576482323979752113
1576482323979752114
1576482323979752115
1576482323979752116
1576482323979752117
1576482323979752118
1576482323979752119
1576482323979752120
1576482323979752121
1576482323979752122
1576482323979752123
1576482323979752124
1576482323979752125
1576482323979752126
1576482323979752127
1576482323979752128
1576482323979752129
1576482323979752130
1576482323979752131
1576482323979752132
1576482323979752133
1576482323979752134
1576482323979752135
1576482323979752136
1576482323979752137
1576482323979752138
1576482323979752139
1576482323979752140
1576482323979752141
1576482323979752142
1576482323979752143
1576482323979752144
1576482323979752145
1576482323979752146
1576482323979752147
1576482323979752148
1576482323979752149
1576482323979752150
1576482323979752151
1576482323979752152
1576482323979752153
1576482323979752154
1576482323979752155
1576482323979752156
1576482323979752157
1576482323979752158
1576482323979752159
1576482323979752160
1576482323979752161
1576482323979752162
1576482323979752163
1576482323979752164
1576482323979752165
1576482323979752166
1576482323979752167
1576482323979752168
1576482323979752169
1576482323979752170
1576482323979752171
1576482323979752172
1576482323979752173
1576482323979752174
1576482323979752175
1576482323979752176
1576482323979752177
1576482323979752178
1576482323979752179
1576482323979752180
1576482323979752181
1576482323979752182
1576482323979752183
1576482323979752184
1576482323979752185
1576482323979752186
1576482323979752187
1576482323979752188
1576482323979752189
1576482323979752190
1576482323979752191
1576482323979752192
1576482323979752193
1576482323979752194
1576482323979752195
1576482323979752196
1576482323979752197
1576482323979752198
1576482323979752199
1576482323979752200
1576482323979752201
1576482323979752202
1576482323979752203
1576482323979752204
1576482323979752205
1576482323979752206
1576482323979752207
1576482323979752208
1576482323979752209
1576482323979752210
1576482323979752211
1576482323979752212
1576482323979752213
1576482323979752214
1576482323979752215
1576482323979752216
1576482323979752217
1576482323979752218
1576482323979752219
1576482323979752220
1576482323979752221
1576482323979752222
1576482323979752223
1576482323979752224
1576482323979752225
1576482323979752226
1576482323979752227
1576482323979752228
1576482323979752229
1576482323979752230
1576482323979752231
1576482323979752232
1576482323979752233
1576482323979752234
1576482323979752235
1576482323979752236
1576482323979752237
1576482323979752238
1576482323979752239
1576482323979752240
1576482323979752241
1576482323979752242
1576482323979752243
1576482323979752244
1576482323979752245
1576482323979752246
1576482323979752247
1576482323979752248
1576482323979752249
1576482323979752250
1576482323979752251
1576482323979752252
1576482323979752253
1576482323979752254
1576482323979752255
1576482323979752256
1576482323979752257
1576482323979752258
1576482323979752259
1576482323979752260
1576482323979752261
1576482323979752262
1576482323979752263
1576482323979752264
1576482323979752265
1576482323979752266
1576482323979752267
1576482323979752268
1576482323979752269
1576482323979752270
1576482323979752271
1576482323979752272
1576482323979752273
1576482323979752274
1576482323979752275
1576482323979752276
1576482323979752277
1576482323979752278
1576482323979752279
1576482323979752280
1576482323979752281
1576482323979752282
1576482323979752283
1576482323979752284
1576482323979752285
1576482323979752286
1576482323979752287
1576482323979752288
1576482323979752289
1576482323979752290
1576482323979752291
1576482323979752292
1576482323979752293
1576482323979752294
1576482323979752295
1576482323979752296
1576482323979752297
1576482323979752298
1576482323979752299
1576482323979752300
1576482323979752301
1576482323979752302
1576482323979752303
1576482323979752304
1576482323979752305
1576482323979752306
1576482323979752307
1576482323979752308
1576482323979752309
1576482323979752310
1576482323979752311
1576482323979752312
1576482323979752313
1576482323979752314
1576482323979752315
1576482323979752316
1576482323979752317
1576482323979752318
1576482323979752319
1576482323979752320
1576482323979752321
1576482323979752322
1576482323979752323
1576482323979752324
1576482323979752325
1576482323979752326
1576482323979752327
1576482323979752328
1576482323979752329
1576482323979752330
1576482323979752331
1576482323979752332
1576482323979752333
1576482323979752334
1576482323979752335
1576482323979752336
1576482323979752337
1576482323979752338
1576482323979752339
1576482323979752340
1576482323979752341
1576482323979752342
1576482323979752343
1576482323979752344
1576482323979752345
1576482323979752346
1576482323979752347
1576482323979752348
1576482323979752349
1576482323979752350
1576482323979752351
1576482323979752352
1576482323979752353
1576482323979752354
1576482323979752355
1576482323979752356
1576482323979752357
1576482323979752358
1576482323979752359
1576482323979752360
1576482323979752361
1576482323979752362
1576482323979752363
1576482323979752364
1576482323979752365
1576482323979752366
1576482323979752367
1576482323979752368
1576482323979752369
1576482323979752370
1576482323979752371
1576482323979752372
1576482323979752373
1576482323979752374
1576482323979752375
1576482323979752376
1576482323979752377
1576482323979752378
1576482323979752379
1576482323979752380
1576482323979752381
1576482323979752382
1576482323979752383
1576482323979752384
1576482323979752385
1576482323979752386
1576482323979752387
1576482323979752388
1576482323979752389
1576482323979752390
1576482323979752391
1576482323979752392
1576482323979752393
1576482323979752394
1576482323979752395
1576482323979752396
1576482323979752397
1576482323979752398
1576482323979752399
1576482323979752400
1576482323979752401
1576482323979752402
1576482323979752403
1576482323979752404
1576482323979752405
1576482323979752406
1576482323979752407
1576482323979752408
1576482323979752409
1576482323979752410
1576482323979752411
1576482323979752412
1576482323979752413
1576482323979752414
1576482323979752415
1576482323979752416
1576482323979752417
1576482323979752418
1576482323979752419
1576482323979752420
1576482323979752421
1576482323979752422
1576482323979752423
1576482323979752424
1576482323979752425
1576482323979752426
1576482323979752427
1576482323979752428
1576482323979752429
1576482323979752430
1576482323979752431
1576482323979752432
1576482323979752433
1576482323979752434
1576482323979752435
1576482323979752436
1576482323979752437
1576482323979752438
1576482323979752439
1576482323979752440
1576482323979752441
1576482323979752442
1576482323979752443
1576482323979752444
1576482323979752445
1576482323979752446
1576482323979752447
1576482323979752448
1576482323979752449
1576482323979752450
1576482323979752451
1576482323979752452
1576482323979752453
1576482323979752454
1576482323979752455
1576482323979752456
1576482323979752457
1576482323979752458
1576482323979752459
1576482323979752460
1576482323979752461
1576482323979752462
1576482323979752463
1576482323979752464
1576482323979752465
1576482323979752466
1576482323979752467
1576482323979752468
1576482323979752469
1576482323979752470
1576482323979752471
1576482323979752472
1576482323979752473
1576482323979752474
1576482323979752475
1576482323979752476
1576482323979752477
1576482323979752478
1576482323979752479
1576482323979752480
1576482323979752481
1576482323979752482
1576482323979752483
1576482323979752484
1576482323979752485
1576482323979752486
1576482323979752487
1576482323979752488
1576482323979752489
1576482323979752490
1576482323979752491
1576482323979752492
1576482323979752493
1576482323979752494
1576482323979752495
1576482323979752496
1576482323979752497
1576482323979752498
1576482323979752499
